"Steps"	"Temperature (K)"	"PotentialEnergy"	"Scaling"	"310K Weight"	"346.953K Weight"	"388.311K Weight"	"434.6K Weight"	"486.406K Weight"	"544.387K Weight"	"609.28K Weight"	"681.909K Weight"	"763.195K Weight"	"854.171K Weight"	"955.992K Weight"	"1069.95K Weight"	"1197.49K Weight"	"1340.24K Weight"	"1500K Weight"
500	310	46.6434	1	0	2	2	2	2	2	2	2	2	2	2	2	2	2	2
1000	310	45.0557	1	0	2	3	3	3	3	3	3	3	3	3	3	3	3	3
1500	310	49.7899	1	0	2	4	4	4	4	4	4	4	4	4	4	4	4	4
2000	310	49.6631	1	0	2	5	5	5	5	5	5	5	5	5	5	5	5	5
2500	310	47.6375	1	0	3	5	6	6	6	6	6	6	6	6	6	6	6	6
3000	310	53.3744	1	0	4	5	7	7	7	7	7	7	7	7	7	7	7	7
3500	388.311	46.2996	0.798328	0	4	4	6	7	7	7	7	7	7	7	7	7	7	7
4000	346.953	59.0974	0.893492	0	2	4	6	7	7	7	7	7	7	7	7	7	7	7
4500	310	49.7761	1	0	4	6	8	9	9	9	9	9	9	9	9	9	9	9
5000	434.6	58.6061	0.7133	0	4	6	6	9	9	9	9	9	9	9	9	9	9	9
5500	486.406	54.1452	0.637328	0	5	7	7	9	10	10	10	10	10	10	10	10	10	10
6000	346.953	49.0598	0.893492	0	3	7	7	9	10	10	10	10	10	10	10	10	10	10
6500	486.406	43.344	0.637328	0	3	7	6	8	10	10	10	10	10	10	10	10	10	10
7000	544.387	39.387	0.569448	0	3	6	6	8	9	10	10	10	10	10	10	10	10	10
7500	388.311	47.0881	0.798328	0	3	4	6	8	9	10	10	10	10	10	10	10	10	10
8000	346.953	66.4556	0.893492	0	2	4	5	8	9	10	10	10	10	10	10	10	10	10
8500	388.311	59.1467	0.798328	0	1	3	5	8	9	10	10	10	10	10	10	10	10	10
9000	388.311	46.8011	0.798328	0	1	2	5	7	9	10	10	10	10	10	10	10	10	10
9500	388.311	58.4005	0.798328	0	1	1	5	7	8	10	10	10	10	10	10	10	10	10
10000	310	57.6619	1	0	3	3	7	9	10	12	12	12	12	12	12	12	12	12
10500	609.28	61.9302	0.508797	0	3	3	7	9	9	11	12	12	12	12	12	12	12	12
11000	310	69.5903	1	0	4	4	8	10	10	12	13	13	12	13	13	13	13	13
11500	346.953	53.6639	0.893492	0	3	4	8	10	9	12	13	13	12	13	13	13	13	13
12000	388.311	58.6435	0.798328	0	3	3	8	9	9	12	13	13	12	13	13	13	13	13
12500	486.406	49.6306	0.637328	0	3	3	8	8	9	12	12	13	12	13	13	13	13	13
13000	609.28	45.5073	0.508797	0	3	3	7	8	9	11	12	13	12	13	13	13	13	13
13500	346.953	50.9188	0.893492	0	2	3	7	8	8	11	12	13	12	13	13	13	13	13
14000	346.953	56.8509	0.893492	0	1	3	7	8	8	11	12	12	12	13	13	13	13	13
14500	434.6	62.1491	0.7133	0	1	3	6	8	8	10	12	12	12	13	13	13	13	13
15000	310	71.1822	1	0	2	4	7	9	9	11	13	13	13	13	14	14	14	14
15500	486.406	66.0341	0.637328	0	2	4	7	8	9	11	13	12	13	13	14	14	14	14
16000	609.28	66.4518	0.508797	0	1	4	7	8	9	10	13	12	13	13	14	14	14	14
16500	486.406	48.7926	0.637328	0	2	5	8	8	10	11	14	13	14	14	15	15	15	15
17000	1069.95	49.88	0.289733	0	2	5	8	8	10	11	13	13	14	14	14	15	15	15
17500	434.6	66.9603	0.7133	0	2	5	7	7	10	11	13	13	14	14	14	15	15	15
18000	388.311	61.2913	0.798328	0	2	4	7	7	10	10	13	13	14	14	14	15	15	15
18500	434.6	87.0396	0.7133	0	2	4	6	7	10	10	12	13	14	14	14	15	15	15
19000	544.387	57.0308	0.569448	0	2	4	6	6	9	10	12	13	14	14	14	15	15	15
19500	346.953	75.5343	0.893492	0	1	4	6	6	9	10	12	12	14	14	14	15	15	15
20000	310	110.768	1	0	2	5	7	7	10	11	13	12	15	15	15	16	16	16
20500	388.311	54.9245	0.798328	0	2	4	7	7	10	11	13	12	15	15	15	15	16	16
21000	434.6	59.3842	0.7133	0	2	4	6	7	10	11	13	12	15	15	15	14	16	16
21500	346.953	71.2486	0.893492	0	1	4	6	7	10	11	13	12	15	14	15	14	16	16
22000	310	73.8536	1	0	2	5	6	8	11	12	14	13	16	15	16	15	17	17
22500	346.953	62.1156	0.893492	0	1	5	6	8	11	12	14	13	16	15	16	15	16	17
23000	346.953	70.1921	0.893492	0	0	5	6	8	11	12	14	13	16	15	15	15	16	17
23500	544.387	63.8085	0.569448	0	0	5	6	8	10	11	14	13	16	15	15	15	16	17
24000	434.6	88.0075	0.7133	0	0	5	5	8	10	11	13	13	16	15	15	15	16	17
24500	388.311	70.1654	0.798328	0	0	4	5	8	10	11	12	13	16	15	15	15	16	17
25000	310	73.9743	1	0	1	5	6	9	11	11	13	14	17	16	16	16	17	18
25500	310	68.1341	1	0	2	6	7	10	12	12	14	15	17	17	17	17	18	19
26000	310	77.5823	1	0	3	7	8	11	13	13	15	16	18	17	18	18	19	20
26500	310	129.563	1	0	4	8	9	12	14	14	16	17	19	18	19	19	20	20
27000	486.406	77.142	0.637328	0	4	7	9	11	14	14	16	17	19	18	19	19	20	20
27500	434.6	72.6558	0.7133	0	4	7	8	11	14	14	15	17	19	18	19	19	20	20
28000	310	78.5439	1	0	5	8	9	11	15	15	16	18	20	19	20	20	21	21
28500	544.387	80.7436	0.569448	0	5	8	9	10	14	15	16	18	20	19	20	20	21	21
29000	1069.95	58.8935	0.289733	0	4	8	9	10	14	15	16	18	20	19	19	20	21	21
29500	346.953	110.912	0.893492	0	3	8	9	10	14	15	16	18	20	19	19	20	20	21
30000	854.171	67.3456	0.362925	0	3	7	9	10	14	15	16	18	19	19	19	20	20	21
30500	681.909	84.8364	0.454606	0	3	7	9	10	14	15	15	18	18	19	19	20	20	21
31000	544.387	64.432	0.569448	0	3	6	9	10	13	15	15	18	18	19	19	20	20	21
31500	310	106.643	1	0	4	7	10	11	14	16	16	19	19	20	20	20	21	22
32000	310	83.8998	1	0	5	8	11	12	15	17	17	19	20	21	21	21	22	23
32500	544.387	78.1842	0.569448	0	5	8	11	12	14	17	17	18	20	21	21	21	22	23
33000	486.406	70.927	0.637328	0	5	8	11	11	14	17	16	18	20	21	21	21	22	23
33500	609.28	82.5615	0.508797	0	5	8	11	11	14	15	16	18	20	21	21	21	22	23
34000	346.953	100.635	0.893492	0	4	8	11	11	14	15	16	18	20	20	21	21	22	23
34500	544.387	78.4274	0.569448	0	4	8	11	11	13	15	16	17	20	20	21	21	22	23
35000	434.6	72.8989	0.7133	0	4	7	10	11	13	15	16	17	20	20	21	21	22	23
35500	346.953	117.894	0.893492	0	3	7	10	11	13	15	16	17	20	20	21	21	21	23
36000	544.387	59.0245	0.569448	0	3	6	10	11	12	15	16	17	20	20	21	21	21	23
36500	955.992	67.5986	0.324271	0	3	5	10	11	12	15	16	17	20	19	21	21	21	23
37000	609.28	81.2559	0.508797	0	3	5	10	11	12	14	16	17	19	19	21	21	21	23
37500	310	100.826	1	0	4	6	11	12	13	15	17	18	20	20	22	22	22	23
38000	346.953	96.0365	0.893492	0	3	6	11	12	13	15	17	18	20	20	21	22	22	23
38500	1197.49	62.9001	0.258874	0	3	6	11	12	13	15	17	18	20	20	20	21	22	23
39000	681.909	59.7264	0.454606	0	3	6	11	12	13	15	16	18	20	19	20	21	22	23
39500	763.195	63.4357	0.406187	0	3	6	11	12	13	15	16	17	20	19	19	21	22	23
40000	486.406	73.404	0.637328	0	3	6	11	11	13	15	16	17	20	19	19	21	21	23
40500	681.909	55.5112	0.454606	0	3	6	10	11	13	15	15	17	20	19	19	21	21	23
41000	388.311	81.1277	0.798328	0	3	5	10	11	13	15	15	17	20	19	19	21	21	22
41500	1500	62.9187	0.206667	0	3	5	10	11	13	15	15	17	19	19	19	21	21	21
42000	1197.49	65.4535	0.258874	0	4	6	11	12	14	16	16	18	20	20	20	21	22	22
42500	854.171	47.7285	0.362925	0	5	7	12	13	15	17	17	19	20	21	21	22	23	23
43000	434.6	72.6465	0.7133	0	5	7	11	13	15	17	17	19	19	21	21	22	23	23
43500	609.28	65.5805	0.508797	0	5	7	11	13	15	16	17	19	19	20	21	22	23	23
44000	854.171	66.8394	0.362925	0	5	7	11	13	15	16	16	19	18	20	21	22	23	23
44500	1340.24	60.3387	0.231302	0	5	7	11	12	15	16	16	19	18	20	21	22	22	23
45000	1069.95	54.4075	0.289733	0	5	7	11	12	14	16	16	19	18	20	20	22	22	23
45500	1340.24	52.4388	0.231302	0	5	7	11	12	13	16	16	19	18	20	20	22	21	23
46000	1197.49	57.1435	0.258874	0	4	7	11	12	13	16	16	19	18	20	20	21	21	23
46500	544.387	65.8521	0.569448	0	3	7	11	12	12	16	16	19	18	20	20	21	21	23
47000	763.195	62.6068	0.406187	0	3	7	11	11	12	16	16	18	18	20	20	21	21	23
47500	486.406	79.0974	0.637328	0	3	7	10	10	12	16	16	18	18	20	20	21	21	23
48000	434.6	73.3698	0.7133	0	3	7	9	10	12	16	16	17	18	20	20	21	21	23
48500	681.909	77.6135	0.454606	0	3	7	9	10	12	16	15	17	18	20	19	21	21	23
49000	609.28	66.0057	0.508797	0	3	7	9	10	12	15	15	17	17	20	19	21	21	23
49500	1197.49	39.6218	0.258874	0	3	6	9	10	12	15	15	17	17	20	19	20	21	23
50000	1500	50.4489	0.206667	0	3	6	8	10	12	15	15	17	17	20	19	20	21	22
50500	763.195	58.4757	0.406187	0	3	6	8	9	12	15	15	16	17	20	19	20	21	22
51000	310	80.7439	1	0	4	7	9	10	13	16	16	17	18	21	20	21	22	22
51500	1197.49	59.3208	0.258874	0	4	7	9	10	13	16	16	17	18	20	20	20	22	22
52000	1500	42.6054	0.206667	0	4	7	9	10	12	16	16	17	18	20	20	20	22	21
52500	609.28	54.1194	0.508797	0	4	6	9	10	12	15	16	17	18	20	20	20	22	21
53000	609.28	79.9228	0.508797	0	4	6	9	10	12	14	16	17	18	20	19	20	22	21
53500	763.195	76.9772	0.406187	0	4	6	9	10	12	14	16	16	18	19	19	20	22	21
54000	763.195	61.1263	0.406187	0	5	7	10	11	13	15	17	16	19	20	20	21	23	22
54500	955.992	53.8554	0.324271	0	5	7	10	10	13	15	17	16	19	19	20	21	23	22
55000	681.909	64.4724	0.454606	0	4	7	10	10	13	15	16	16	19	19	20	21	23	22
55500	1340.24	51.2211	0.231302	0	4	6	10	10	13	15	16	16	19	19	20	21	22	22
56000	1340.24	65.0003	0.231302	0	4	6	9	10	13	15	16	16	19	19	20	21	21	22
56500	1197.49	55.0343	0.258874	0	4	6	9	10	13	15	15	16	19	19	20	20	21	22
57000	310	132.254	1	0	5	7	10	11	14	16	16	17	20	20	21	20	22	23
57500	310	161.444	1	0	6	8	11	12	15	17	17	18	21	21	21	21	23	24
58000	1197.49	64.8909	0.258874	0	5	8	11	12	15	17	17	18	21	21	21	20	23	24
58500	1500	46.4822	0.206667	0	5	8	10	12	15	17	17	18	21	21	21	20	23	23
59000	854.171	57.107	0.362925	0	5	8	10	12	15	17	17	18	20	21	20	20	23	23
59500	434.6	81.7016	0.7133	0	5	8	9	12	15	17	17	18	20	21	20	20	23	22
60000	486.406	63.9615	0.637328	0	5	7	9	11	15	17	17	18	20	21	20	20	23	22
60500	1340.24	50.5261	0.231302	0	5	7	9	11	15	16	17	18	20	21	20	20	22	22
61000	544.387	73.6203	0.569448	0	6	8	10	12	15	17	18	19	21	22	21	21	23	23
61500	854.171	71.7825	0.362925	0	6	8	10	12	15	16	18	19	20	22	21	21	23	23
62000	1069.95	70.9802	0.289733	0	5	8	10	12	15	16	18	19	20	22	20	21	23	23
62500	1340.24	72.2462	0.231302	0	5	7	10	12	15	16	18	19	20	22	20	21	22	23
63000	388.311	82.9357	0.798328	0	6	7	11	13	16	17	19	20	21	23	21	22	23	24
63500	310	116.071	1	0	7	8	12	14	17	18	20	20	22	24	22	23	24	25
64000	346.953	104.52	0.893492	0	6	8	12	14	17	18	20	20	21	24	22	23	24	25
64500	346.953	125.246	0.893492	0	5	8	12	14	17	18	20	20	21	24	22	22	24	25
65000	346.953	101.121	0.893492	0	5	9	13	15	18	19	21	21	22	25	23	23	25	26
65500	346.953	140.062	0.893492	0	4	9	13	15	18	19	21	21	22	24	23	23	25	26
66000	955.992	68.0448	0.324271	0	4	9	13	15	17	19	21	21	22	23	23	23	25	26
66500	1340.24	52.8069	0.231302	0	4	9	13	15	17	18	21	21	22	23	23	23	24	26
67000	763.195	67.1193	0.406187	0	4	9	13	15	17	18	20	20	22	23	23	23	24	26
67500	544.387	76.3245	0.569448	0	4	9	13	15	16	18	20	20	22	22	23	23	24	26
68000	434.6	102.617	0.7133	0	4	9	12	15	16	18	20	20	22	22	23	23	24	25
68500	854.171	50.5583	0.362925	0	4	9	12	15	16	18	20	20	21	21	23	23	24	25
69000	434.6	57.9149	0.7133	0	4	9	11	15	16	18	20	20	21	21	23	23	24	24
69500	1069.95	71.3754	0.289733	0	4	9	11	15	16	18	20	19	21	21	22	23	24	24
70000	544.387	54.8437	0.569448	0	4	9	11	14	15	18	20	19	21	21	22	23	24	24
70500	486.406	113.707	0.637328	0	4	9	11	13	15	18	20	19	21	21	22	23	23	24
71000	388.311	72.7294	0.798328	0	4	8	11	13	15	18	20	19	21	21	22	23	23	23
71500	434.6	107.029	0.7133	0	4	8	10	13	15	18	20	19	20	21	22	23	23	23
72000	609.28	75.0772	0.508797	0	4	8	10	13	15	17	19	19	20	21	22	23	23	23
72500	1197.49	65.5862	0.258874	0	4	8	10	13	15	17	19	19	20	20	22	22	23	23
73000	681.909	56.3124	0.454606	0	4	7	10	13	15	17	18	19	20	20	22	22	23	23
73500	681.909	59.218	0.454606	0	4	7	10	12	15	17	17	19	20	20	22	22	23	23
74000	544.387	69.6905	0.569448	0	4	7	10	12	14	17	17	19	20	20	22	22	22	23
74500	609.28	61.0646	0.508797	0	4	7	10	12	14	15	17	19	20	20	22	22	22	23
75000	434.6	64.5611	0.7133	0	4	7	9	12	14	15	16	19	20	20	22	22	22	23
75500	955.992	59.9268	0.324271	0	4	7	9	12	14	15	16	19	19	19	22	22	22	23
76000	681.909	51.8746	0.454606	0	4	7	9	12	14	15	15	18	19	19	22	22	22	23
76500	544.387	60.3028	0.569448	0	4	7	9	12	13	15	15	18	19	19	22	22	21	23
77000	1069.95	65.19	0.289733	0	3	7	9	12	13	15	15	18	19	19	21	22	21	23
77500	388.311	68.8487	0.798328	0	3	6	9	12	13	15	15	18	19	19	21	21	21	23
78000	346.953	96.6092	0.893492	0	2	6	9	12	13	15	15	18	19	19	21	20	21	23
78500	1069.95	55.9964	0.289733	0	2	6	9	12	13	14	15	18	19	19	20	20	21	23
79000	854.171	46.5944	0.362925	0	3	7	10	13	14	15	16	19	19	20	21	21	22	24
79500	1197.49	64.5303	0.258874	0	3	7	9	13	14	15	16	19	19	20	21	20	22	24
80000	1500	47.4541	0.206667	0	2	7	9	13	14	15	16	19	19	20	21	20	22	23
80500	854.171	54.336	0.362925	0	2	7	9	13	14	15	15	19	18	20	21	20	22	23
81000	763.195	45.8403	0.406187	0	2	7	9	13	14	15	15	18	18	20	21	20	21	23
81500	763.195	69.2386	0.406187	0	2	7	9	13	14	15	15	17	18	20	21	20	21	22
82000	854.171	42.0632	0.362925	0	2	7	9	13	14	15	15	17	17	19	21	20	21	22
82500	1069.95	56.9489	0.289733	0	2	7	9	13	13	15	15	17	17	19	20	20	21	22
83000	310	98.3495	1	0	3	8	10	14	14	16	16	18	18	20	20	21	22	23
83500	388.311	78.1506	0.798328	0	3	7	10	14	14	16	16	18	18	20	20	21	22	22
84000	486.406	92.9665	0.637328	0	3	7	10	13	14	16	16	18	18	20	20	21	22	21
84500	434.6	54.2799	0.7133	0	3	7	9	13	14	15	16	18	18	20	20	21	22	21
85000	486.406	67.8202	0.637328	0	3	7	9	12	14	15	16	18	18	20	20	21	21	21
85500	609.28	59.4268	0.508797	0	3	7	9	12	14	14	16	17	18	20	20	21	21	21
86000	1069.95	46.789	0.289733	0	3	7	9	12	13	14	16	17	18	20	19	21	21	21
86500	544.387	60.6835	0.569448	0	4	8	10	13	13	15	17	18	19	21	20	22	22	22
87000	434.6	55.0655	0.7133	0	4	8	9	13	13	15	16	18	19	21	20	22	22	22
87500	1340.24	57.3036	0.231302	0	4	8	9	12	13	15	16	18	19	21	20	22	21	22
88000	1197.49	58.5384	0.258874	0	5	9	10	13	14	16	17	19	20	22	21	22	22	23
88500	1197.49	68.8822	0.258874	0	5	9	10	13	14	16	17	19	20	21	21	21	22	23
89000	486.406	70.0837	0.637328	0	5	8	10	12	14	16	17	19	20	21	21	21	22	23
89500	544.387	64.5187	0.569448	0	5	8	10	12	13	16	17	18	20	21	21	21	22	23
90000	763.195	70.783	0.406187	0	5	8	10	12	13	16	17	17	20	21	21	20	22	23
90500	955.992	61.6956	0.324271	0	5	8	10	12	13	16	17	17	19	20	21	20	22	23
91000	1340.24	48.3181	0.231302	0	5	8	9	12	13	16	17	17	19	20	21	20	21	23
91500	1197.49	52.0789	0.258874	0	5	7	9	12	13	16	17	17	19	20	21	19	21	23
92000	955.992	45.4608	0.324271	0	4	7	9	12	13	16	17	17	19	19	21	19	21	23
92500	388.311	69.7998	0.798328	0	4	6	9	12	13	16	17	17	19	19	20	19	21	23
93000	681.909	64.4547	0.454606	0	4	6	9	12	13	16	16	17	19	19	20	19	21	22
93500	310	93.389	1	0	5	7	10	13	14	17	17	18	20	20	21	20	21	23
94000	1500	50.2534	0.206667	0	5	7	10	13	14	17	17	17	20	20	21	20	21	22
94500	854.171	47.3902	0.362925	0	5	7	10	13	14	16	17	17	19	20	21	20	21	22
95000	763.195	68.5408	0.406187	0	5	6	10	13	14	16	17	16	19	20	21	20	21	22
95500	486.406	64.0024	0.637328	0	5	6	10	11	14	16	17	16	19	20	21	20	21	22
96000	1069.95	45.7176	0.289733	0	4	6	10	11	14	16	17	16	19	20	20	20	21	22
96500	1500	65.2605	0.206667	0	4	6	10	11	14	16	17	16	19	20	19	20	21	21
97000	609.28	81.8159	0.508797	0	4	6	10	11	14	15	16	16	19	20	19	20	21	21
97500	486.406	51.0048	0.637328	0	4	6	10	10	14	15	16	16	18	20	19	20	21	21
98000	763.195	47.8851	0.406187	0	4	6	10	10	14	15	16	15	18	20	18	20	21	21
98500	310	85.9114	1	0	5	7	11	11	15	16	17	16	19	20	19	21	22	22
99000	854.171	51.4459	0.362925	0	5	7	11	11	15	16	17	16	18	19	19	21	22	22
99500	434.6	69.6331	0.7133	0	5	7	10	11	14	16	17	16	18	19	19	21	22	22
100000	434.6	60.5509	0.7133	0	5	7	9	11	14	15	17	16	18	19	19	21	22	22
100500	1197.49	51.1223	0.258874	0	5	7	9	11	14	14	17	16	18	19	19	20	22	22
101000	544.387	83.7282	0.569448	0	5	7	9	11	13	14	17	16	17	19	19	20	22	22
101500	681.909	77.9166	0.454606	0	5	7	9	11	13	14	16	16	17	19	19	20	21	22
102000	1340.24	67.4307	0.231302	0	5	7	9	11	13	14	16	16	17	19	18	20	20	22
102500	1500	47.3983	0.206667	0	5	7	9	11	12	14	16	16	17	19	18	20	20	21
103000	1340.24	50.8319	0.231302	0	4	7	9	11	12	14	16	16	17	19	18	20	19	21
103500	763.195	45.9747	0.406187	0	5	8	10	12	13	15	17	16	18	20	19	21	20	22
104000	388.311	70.471	0.798328	0	5	7	9	12	13	15	17	16	18	20	19	21	20	22
104500	854.171	83.5956	0.362925	0	5	7	9	12	13	15	17	16	17	20	19	20	20	22
105000	955.992	51.8686	0.324271	0	5	7	9	11	13	15	17	16	17	19	19	20	20	22
105500	346.953	73.5519	0.893492	0	4	7	9	11	13	15	17	16	17	19	18	20	20	22
106000	955.992	60.0547	0.324271	0	4	7	9	11	13	15	16	16	17	18	18	20	20	22
106500	544.387	64.186	0.569448	0	4	7	9	11	12	14	16	16	17	18	18	20	20	22
107000	346.953	78.3657	0.893492	0	3	7	9	11	12	14	15	16	17	18	18	20	20	22
107500	388.311	83.109	0.798328	0	3	6.5	9	11	12	14	15	16	17	18	18	20	20	21
108000	609.28	64.097	0.508797	0	3	6.5	9	11	12	13.5	14.5	16	17	18	18	20	20	21
108500	1340.24	52.7485	0.231302	0	3	6.5	9	11	12	13.5	14.5	16	17	18	18	20	19	21
109000	1197.49	47.7599	0.258874	0	3	6	9	11	12	13.5	14.5	16	17	18	18	19.5	19	21
109500	1500	57.6497	0.206667	0	3	6	9	11	12	13.5	14.5	16	17	18	18	19.5	19	20
110000	1500	55.0097	0.206667	0	3.5	6.5	9.5	11.5	12.5	14	15	16.5	17.5	18.5	18.5	20	19.5	20
110500	1197.49	49.7662	0.258874	0	3.5	6	9.5	11.5	12.5	14	15	16.5	17.5	18.5	18.5	19.5	19.5	20
111000	434.6	66.7897	0.7133	0	3.5	6	9	11.5	12	14	15	16.5	17.5	18.5	18.5	19.5	19.5	20
111500	854.171	47.6706	0.362925	0	3.5	6	9	11	12	14	15	16.5	17	18.5	18.5	19.5	19.5	20
112000	955.992	42.6175	0.324271	0	3.5	5.5	9	11	12	14	15	16.5	17	18	18.5	19.5	19.5	20
112500	955.992	51.8559	0.324271	0	3.5	5.5	9	11	12	13.5	15	16.5	17	17.5	18.5	19.5	19.5	20
113000	1340.24	57.9131	0.231302	0	3.5	5.5	9	11	12	13.5	15	16	17	17.5	18.5	19.5	19	20
113500	955.992	41.9467	0.324271	0	4	6	9.5	11.5	12.5	14	15.5	16.5	17.5	17.5	19	20	19.5	20.5
114000	1340.24	47.5009	0.231302	0	4.5	6.5	10	12	13	14.5	16	17	18	18	19.5	20.5	19.5	21
114500	763.195	67.8994	0.406187	0	5	7	10.5	12.5	13.5	15	16.5	17	18.5	18.5	20	21	20	21.5
115000	486.406	99.3216	0.637328	0	4.5	7	10.5	12	13.5	15	16.5	17	18.5	18.5	20	21	20	21.5
115500	388.311	71.429	0.798328	0	4.5	6.5	10	12	13.5	15	16.5	17	18.5	18.5	20	21	20	21.5
116000	346.953	76.967	0.893492	0	4	6.5	9.5	12	13.5	15	16.5	17	18.5	18.5	20	21	20	21.5
116500	434.6	68.1458	0.7133	0	4	6.5	9	12	13.5	14.5	16.5	17	18.5	18.5	20	21	20	21.5
117000	346.953	105.111	0.893492	0	3.5	6.5	9	12	13.5	14.5	16.5	17	18	18.5	20	21	20	21.5
117500	434.6	87.3523	0.7133	0	3.5	6.5	8.5	12	13	14.5	16.5	17	18	18.5	20	21	20	21.5
118000	310	76.7241	1	0	4	7	9	12.5	13	15	17	17.5	18.5	19	20.5	21.5	20.5	22
118500	486.406	77.3075	0.637328	0	4	7	9	12	13	14.5	17	17.5	18.5	19	20.5	21.5	20.5	22
119000	486.406	80.6574	0.637328	0	4.5	7.5	9.5	12	13.5	15	17.5	18	19	19.5	21	22	21	22.5
119500	346.953	79.3323	0.893492	0	4	7	9.5	12	13.5	15	17.5	18	19	19.5	21	22	21	22.5
120000	681.909	75.8095	0.454606	0	4	7	9.5	11.5	13.5	15	17	18	19	19.5	21	22	21	22.5
120500	1500	63.0771	0.206667	0	4	6.5	9.5	11.5	13.5	15	17	18	19	19.5	21	22	21	22
121000	854.171	69.0459	0.362925	0	4.5	7	10	12	14	15.5	17.5	18.5	19	20	21.5	22.5	21.5	22.5
121500	544.387	71.5853	0.569448	0	5	7.5	10.5	12.5	14	16	18	19	19.5	20.5	22	23	22	23
122000	681.909	75.1292	0.454606	0	5	7.5	10.5	12.5	14	16	17.5	19	19.5	20.5	22	22.5	22	23
122500	346.953	75.4201	0.893492	0	4.5	7.5	10	12.5	14	16	17.5	19	19.5	20.5	22	22.5	22	23
123000	609.28	71.1001	0.508797	0	4	7.5	10	12.5	14	15.5	17.5	19	19.5	20.5	22	22.5	22	23
123500	763.195	73.384	0.406187	0	3.5	7.5	10	12.5	14	15.5	17.5	18.5	19.5	20.5	22	22.5	22	23
124000	346.953	74.2612	0.893492	0	3	7.5	9.5	12.5	14	15.5	17.5	18.5	19.5	20.5	22	22.5	22	23
124500	388.311	93.8127	0.798328	0	3	7	9.5	12.5	14	15.5	17.5	18	19.5	20.5	22	22.5	22	23
125000	486.406	77.268	0.637328	0	3	6.5	9.5	12	14	15.5	17.5	18	19.5	20.5	22	22.5	22	23
125500	486.406	93.3038	0.637328	0	3.5	7	10	12	14.5	16	18	18.5	20	21	22.5	23	22.5	23.5
126000	681.909	72.075	0.454606	0	3.5	6.5	10	12	14.5	16	17.5	18.5	20	21	22.5	23	22.5	23.5
126500	346.953	90.8951	0.893492	0	3	6.5	10	12	14	16	17.5	18.5	20	21	22.5	23	22.5	23.5
127000	1069.95	67.317	0.289733	0	3	6.5	9.5	12	14	16	17.5	18.5	20	21	22	23	22.5	23.5
127500	681.909	79.5199	0.454606	0	3	6.5	9.5	12	13.5	16	17	18.5	20	21	22	23	22.5	23.5
128000	763.195	77.6138	0.406187	0	3	6.5	9.5	12	13.5	16	17	17.5	20	21	22	23	22.5	23.5
128500	1500	72.8866	0.206667	0	3	6.5	9.5	12	13	16	17	17.5	20	21	22	23	22.5	23
129000	763.195	55.0236	0.406187	0	3.5	7	10	12.5	13.5	16.5	17.5	17.5	20.5	21.5	22.5	23.5	23	23.5
129500	310	120.586	1	0	4	7.5	10.5	13	14	17	18	18	21	22	23	24	23.5	23.5
130000	1197.49	66.4141	0.258874	0	4	7.5	10.5	13	14	16.5	18	18	21	22	23	23.5	23.5	23.5
130500	544.387	71.1365	0.569448	0	4	7.5	10.5	13	13.5	16.5	18	18	21	22	23	23.5	23	23.5
131000	609.28	60.8545	0.508797	0	4	7.5	10.5	13	13.5	16	18	18	21	22	22.5	23.5	23	23.5
131500	1340.24	52.0806	0.231302	0	4	7.5	10.5	13	13.5	16	18	18	21	21.5	22.5	23.5	22.5	23.5
132000	486.406	87.1558	0.637328	0	4	7.5	10.5	12.5	13.5	16	18	18	21	21.5	22.5	23	22.5	23.5
132500	1340.24	75.0953	0.231302	0	4	7.5	10.5	12.5	13.5	16	18	18	21	21.5	22	23	22	23.5
133000	388.311	95.3382	0.798328	0	4	7	10.5	12.5	13.5	16	18	18	20.5	21.5	22	23	22	23.5
133500	388.311	78.715	0.798328	0	4	6.5	10.5	12.5	13.5	16	18	18	20.5	21.5	22	22.5	22	23.5
134000	346.953	94.7877	0.893492	0	3.5	6.5	10.5	12.5	13.5	16	18	18	20.5	21.5	21.5	22.5	22	23.5
134500	1197.49	73.163	0.258874	0	3.5	6.5	10.5	12	13.5	16	18	18	20.5	21.5	21.5	22	22	23.5
135000	609.28	52.9241	0.508797	0	3	6.5	10.5	12	13.5	15.5	18	18	20.5	21.5	21.5	22	22	23.5
135500	1197.49	45.4836	0.258874	0	3	6	10.5	12	13.5	15.5	18	18	20.5	21.5	21.5	21.5	22	23.5
136000	434.6	88.25	0.7133	0	3	6	10	12	13.5	15.5	18	18	20.5	21.5	21.5	21.5	21.5	23.5
136500	854.171	69.9221	0.362925	0	3	6	10	12	13.5	15.5	18	17.5	20	21.5	21.5	21.5	21.5	23.5
137000	1500	48.865	0.206667	0	3	6	10	12	13.5	15.5	18	17.5	20	21.5	21.5	21.5	21.5	22.5
137500	486.406	56.8634	0.637328	0	3	6	10	11.5	13.5	15.5	18	17.5	20	21	21.5	21.5	21.5	22.5
138000	854.171	63.8056	0.362925	0	3	6	10	11.5	13.5	15.5	18	17.5	19.5	20.5	21.5	21.5	21.5	22.5
138500	955.992	42.6956	0.324271	0	3	6	10	11.5	13.5	15.5	17.5	17.5	19.5	20	21.5	21.5	21.5	22.5
139000	1069.95	51.0716	0.289733	0	3	6	10	11.5	13.5	15.5	17.5	17.5	19	20	21	21.5	21.5	22.5
139500	763.195	72.2439	0.406187	0	3	6	9.5	11.5	13.5	15.5	17.5	17	19	20	21	21.5	21.5	22.5
140000	434.6	71.1511	0.7133	0	3	6	9	11.5	13.5	15.5	17.5	17	19	20	20.5	21.5	21.5	22.5
140500	1197.49	48.4887	0.258874	0	3	6	9	11.5	13.5	15.5	17	17	19	20	20.5	21	21.5	22.5
141000	1500	52.7072	0.206667	0	3.5	6.5	9.5	12	14	16	17.5	17.5	19.5	20.5	21	21.5	22	22.5
141500	1069.95	54.3541	0.289733	0	3.5	6.5	9.5	12	14	15.5	17.5	17.5	19.5	20.5	20.5	21.5	22	22.5
142000	388.311	83.0963	0.798328	0	3.5	6	9	12	14	15.5	17.5	17.5	19.5	20.5	20.5	21.5	22	22.5
142500	434.6	83.4011	0.7133	0	3.5	6	8.5	12	14	15.5	17	17.5	19.5	20.5	20.5	21.5	22	22.5
143000	1069.95	56.2208	0.289733	0	3.5	6	8.5	12	14	15.5	17	17.5	19	20.5	20	21.5	22	22.5
143500	486.406	86.5918	0.637328	0	3.5	6	8.5	11.5	14	15.5	17	17.5	19	20	20	21.5	22	22.5
144000	310	82.8397	1	0	4	6.5	9	12	14.5	16	17.5	18	19.5	20.5	20.5	21.5	22.5	23
144500	854.171	66.5217	0.362925	0	4	6.5	9	12	14.5	16	17.5	18	19	20.5	20.5	21.5	22	23
145000	955.992	48.6811	0.324271	0	4	6.5	9	12	14.5	16	17.5	18	19	19.5	20.5	21.5	22	23
145500	310	81.4334	1	0	4.5	7	9.5	12.5	15	16.5	18	18.5	19.5	20	21	22	22.5	23
146000	346.953	81.9991	0.893492	0	4	7	9.5	12.5	15	16.5	17.5	18.5	19.5	20	21	22	22.5	23
146500	310	116.774	1	0	4.5	7.5	10	13	15.5	17	18	19	20	20.5	21	22.5	23	23.5
147000	1500	51.7855	0.206667	0	4.5	7.5	10	13	15.5	17	17.5	19	20	20.5	21	22.5	23	23
147500	346.953	120.727	0.893492	0	4	7.5	10	13	15.5	17	17.5	19	20	20.5	20.5	22.5	23	23
148000	854.171	74.5783	0.362925	0	4	7.5	10	13	15.5	17	17.5	19	19.5	20.5	20	22.5	23	23
148500	544.387	63.7443	0.569448	0	4	7.5	10	13	15	16.5	17.5	19	19.5	20.5	20	22.5	23	23
149000	1500	49.3611	0.206667	0	4	7.5	10	12.5	15	16.5	17.5	19	19.5	20.5	20	22.5	23	22.5
149500	1500	54.2051	0.206667	0	4	7.5	10	12.5	15	16.5	17	19	19.5	20.5	20	22.5	23	22
150000	1197.49	55.735	0.258874	0	4	7.5	10	12.5	15	16.5	17	19	19.5	20.5	20	22	22.5	22
150500	1197.49	54.5414	0.258874	0	4	7.5	10	12.5	14.5	16.5	17	19	19.5	20.5	20	21.5	22.5	22
151000	609.28	57.8259	0.508797	0	4	7.5	10	12.5	14.5	15.5	17	19	19.5	20.5	20	21.5	22.5	22
151500	1340.24	61.9989	0.231302	0	4	7.5	10	12.5	14.5	15.5	17	18.5	19.5	20.5	20	21.5	22	22
152000	544.387	57.5539	0.569448	0	4	7.5	10	12.5	14	15.5	17	18	19.5	20.5	20	21.5	22	22
152500	1340.24	68.6947	0.231302	0	4	7.5	10	12.5	14	15.5	17	18	19.5	20.5	19.5	21.5	21.5	22
153000	486.406	63.5848	0.637328	0	3.5	7.5	10	12	14	15.5	17	18	19.5	20.5	19.5	21.5	21.5	22
153500	346.953	93.8319	0.893492	0	3	7.5	10	11.5	14	15.5	17	18	19.5	20.5	19.5	21.5	21.5	22
154000	763.195	50.5162	0.406187	0	3	7.5	9.5	11.5	14	15.5	17	17.5	19.5	20.5	19.5	21.5	21.5	22
154500	681.909	75.4908	0.454606	0	3	7.5	9.5	11.5	14	15.5	16.5	17.5	19.5	20.5	19.5	21	21.5	22
155000	763.195	60.1543	0.406187	0	3	7.5	9.5	11.5	14	15.5	16.5	17	19	20.5	19.5	21	21.5	22
155500	955.992	63.7401	0.324271	0	3	7.5	9.5	11.5	14	15.5	16.5	17	19	20	19.5	21	21.5	21.5
156000	854.171	79.7994	0.362925	0	3	7.5	9.5	11.5	13.5	15.5	16.5	17	18.5	20	19.5	21	21.5	21.5
156500	388.311	72.0817	0.798328	0	3	7	9.5	11.5	13.5	15.5	16.5	17	18.5	19.5	19.5	21	21.5	21.5
157000	681.909	61.8011	0.454606	0	3	7	9.5	11.5	13.5	15.5	15.5	17	18.5	19.5	19.5	21	21.5	21.5
157500	1500	56.8285	0.206667	0	3	7	9.5	11.5	13.5	15.5	15.5	17	18	19.5	19.5	21	21.5	21
158000	434.6	56.746	0.7133	0	3	7	9	11.5	13.5	15.5	15.5	17	18	19.5	19.5	20.5	21.5	21
158500	310	91.7509	1	0	3.5	7.5	9.5	12	14	16	16	17.5	18.5	20	20	21	21.5	21.5
159000	609.28	63.1518	0.508797	0	3.5	7.5	9.5	12	14	15.5	16	17.5	18	20	20	21	21.5	21.5
159500	609.28	75.3996	0.508797	0	3.5	7.5	9.5	12	14	15	16	17.5	18	19.5	20	21	21.5	21.5
160000	1069.95	52.1195	0.289733	0	3.5	7.5	9.5	12	14	15	16	17	18	19.5	19.5	21	21.5	21.5
160500	486.406	79.7186	0.637328	0	3.5	7.5	9.5	11.5	14	15	16	17	18	19.5	19.5	21	21	21.5
161000	1500	38.6841	0.206667	0	3.5	7.5	9.5	11.5	14	14.5	16	17	18	19.5	19.5	21	21	21
161500	544.387	57.3403	0.569448	0	4	8	10	12	14	15	16.5	17.5	18.5	20	20	21.5	21.5	21.5
162000	854.171	59.258	0.362925	0	4	8	10	12	14	15	16	17.5	18	20	20	21.5	21.5	21.5
162500	955.992	48.5377	0.324271	0	3.5	8	10	12	14	15	16	17.5	18	19.5	20	21.5	21.5	21.5
163000	1197.49	52.8244	0.258874	0	3.5	8	10	12	14	15	16	17.5	18	19.5	19.5	21	21.5	21.5
163500	1500	59.7874	0.206667	0	3.5	7.5	10	12	14	15	16	17.5	18	19.5	19.5	21	21.5	21
164000	609.28	69.4621	0.508797	0	4	8	10.5	12.5	14.5	15	16.5	18	18.5	20	20	21.5	22	21.5
164500	955.992	59.0789	0.324271	0	4	8	10	12.5	14.5	15	16.5	18	18.5	19.5	20	21.5	22	21.5
165000	486.406	43.1883	0.637328	0	4.5	8.5	10.5	12.5	15	15.5	17	18.5	19	20	20.5	22	22.5	22
165500	955.992	45.441	0.324271	0	4.5	8.5	10.5	12.5	15	15.5	16.5	18.5	19	19.5	20.5	22	22.5	22
166000	1197.49	45.9798	0.258874	0	4.5	8.5	10.5	12.5	15	15.5	16	18.5	19	19.5	20.5	21.5	22.5	22
166500	346.953	72.0466	0.893492	0	4.5	9	11	13	15.5	16	16.5	19	19.5	20	21	22	23	22.5
167000	544.387	73.7323	0.569448	0	4.5	9	11	13	15	16	16	19	19.5	20	21	22	23	22.5
167500	486.406	83.8647	0.637328	0	4.5	9	11	12.5	15	16	16	19	19.5	20	21	22	22.5	22.5
168000	434.6	65.9819	0.7133	0	4.5	9	10.5	12.5	15	16	16	19	19	20	21	22	22.5	22.5
168500	544.387	72.8054	0.569448	0	4.5	9	10.5	12.5	14.5	16	16	19	19	20	20.5	22	22.5	22.5
169000	609.28	64.9995	0.508797	0	4.5	9	10.5	12.5	14.5	15.5	16	19	19	19.5	20.5	22	22.5	22.5
169500	1197.49	62.909	0.258874	0	4.5	9	10.5	12.5	14.5	15.5	16	18.5	19	19.5	20.5	21.5	22.5	22.5
170000	1340.24	47.6299	0.231302	0	4	9	10.5	12.5	14.5	15.5	16	18.5	19	19.5	20.5	21.5	22	22.5
170500	544.387	67.309	0.569448	0	4	8.5	10.5	12.5	14	15.5	16	18.5	19	19.5	20.5	21.5	22	22.5
171000	346.953	67.6501	0.893492	0	3.5	8.5	10.5	12.5	14	15.5	16	18.5	18.5	19.5	20.5	21.5	22	22.5
171500	609.28	56.1254	0.508797	0	3.5	8.5	10.5	12	14	15	16	18.5	18.5	19.5	20.5	21.5	22	22.5
172000	388.311	74.8752	0.798328	0	3.5	8	10.5	12	14	15	16	18.5	18.5	19.5	20	21.5	22	22.5
172500	434.6	77.3871	0.7133	0	3.5	8	10	12	14	14.5	16	18.5	18.5	19.5	20	21.5	22	22.5
173000	310	95.5928	1	0	4	8.5	10.5	12.5	14.5	15	16.5	19	19	20	20.5	22	22	23
173500	310	162.935	1	0	4.5	9	11	13	15	15.5	17	19.5	19.5	20.5	21	22.5	22.5	23
174000	955.992	66.2962	0.324271	0	4.5	9	11	13	15	15.5	17	19	19.5	20	21	22.5	22.5	23
174500	1197.49	61.8989	0.258874	0	5	9.5	11.5	13.5	15.5	16	17.5	19.5	20	20.5	21.5	22.5	23	23.5
175000	1500	69.7806	0.206667	0	5	9	11.5	13.5	15.5	16	17.5	19.5	20	20.5	21.5	22.5	23	23
175500	854.171	63.8237	0.362925	0	5	9	11.5	13.5	15	16	17.5	19.5	19.5	20.5	21.5	22.5	23	23
176000	486.406	51.7829	0.637328	0	5	9	11	13	15	16	17.5	19.5	19.5	20.5	21.5	22.5	23	23
176500	854.171	62.6032	0.362925	0	5	9	11	13	15	16	17.5	19.5	18.5	20.5	21.5	22.5	23	23
177000	609.28	71.3813	0.508797	0	5	9	11	13	15	15.5	17.5	19	18.5	20.5	21.5	22.5	23	23
177500	955.992	48.2342	0.324271	0	5	9	10.5	13	15	15.5	17.5	19	18.5	20	21.5	22.5	23	23
178000	1069.95	59.8198	0.289733	0	5	9	10.5	13	15	15.5	17.5	18.5	18.5	20	21	22.5	23	23
178500	1500	43.8074	0.206667	0	5	9	10.5	12.5	15	15.5	17.5	18.5	18.5	20	21	22.5	23	22.5
179000	1197.49	56.0051	0.258874	0	5	9	10.5	12.5	14.5	15.5	17.5	18.5	18.5	20	21	22	23	22.5
179500	388.311	66.7662	0.798328	0	4.5	8.5	10.5	12.5	14.5	15.5	17.5	18.5	18.5	20	21	22	23	22.5
